  -1.3377752e-01
  -3.9788039e-01
   9.0763140e-01
  -3.1302522e-01
  -7.9517866e-01
   5.1933237e-01
   1.4995301e-01
  -8.7708324e-01
  -4.5633221e-01
  -3.5075502e-01
   9.3160326e-01
  -9.5321973e-02
   6.1484995e-01
  -5.2271507e-01
  -5.9053238e-01
  -4.0085002e-01
   7.3366502e-01
   5.4868471e-01
  -7.7513442e-01
  -5.9084700e-01
   2.2375533e-01
   4.5132837e-01
  -1.2896374e-02
  -8.9226475e-01
   9.7163442e-01
   1.8405445e-01
   1.4849418e-01
   9.3382966e-01
  -3.4448889e-01
  -9.6382394e-02
  -7.5692109e-01
   2.9645621e-01
   5.8239520e-01
  -4.1795841e-01
  -9.0027751e-01
  -1.2170116e-01
   6.2147985e-01
   7.1142974e-01
   3.2807091e-01
  -5.8831808e-01
   5.4590101e-01
  -5.9655169e-01
  -6.6317979e-01
  -2.6780337e-01
   6.9890910e-01
   7.7513442e-01
   5.9084700e-01
  -2.2375533e-01
   9.3786471e-02
  -9.8481267e-01
   1.4610992e-01
  -9.2456014e-02
   2.6539933e-01
  -9.5969530e-01
  -3.8871482e-01
  -6.5322015e-01
  -6.4977243e-01
  -8.3296526e-01
  -4.3785687e-01
  -3.3830494e-01
   3.4057915e-01
  -9.2471093e-02
   9.3565749e-01
   7.9369007e-01
  -3.4359263e-01
   5.0199619e-01
  -2.6798357e-01
   2.0085736e-01
   9.4225322e-01
   8.3122099e-02
   9.3677999e-01
   3.3990289e-01
  -9.1448101e-01
   1.3864756e-01
  -3.8013330e-01
  -7.4437822e-02
   7.7897134e-01
  -6.2262562e-01
   8.6670122e-01
   7.8955602e-02
  -4.9253935e-01
  -8.1565197e-01
   5.7723509e-01
   3.8878193e-02
   7.0626567e-01
   2.4244338e-01
   6.6513909e-01
  -9.8452041e-01
  -4.6966359e-02
   1.6886009e-01
   3.0013923e-01
   9.3226675e-01
  -2.0197809e-01
   6.1133950e-01
  -7.9081529e-01
   2.9583423e-02
   3.2879313e-01
  -6.9796080e-01
   6.3619636e-01
   4.5169437e-01
   5.4137624e-01
  -7.0914312e-01
   1.9691338e-01
   5.5522553e-01
   8.0805305e-01
  -5.5735296e-01
  -8.8968839e-02
  -8.2549514e-01
   3.7249446e-02
  -3.9627964e-01
  -9.1737393e-01
