  -9.3962855e-01
   3.3284677e-01
  -7.9443179e-02
   3.1971020e-01
  -1.8198221e-01
   9.2987519e-01
  -5.9297394e-01
   6.0165299e-01
   5.3515941e-01
   3.5294431e-01
  -9.3480299e-01
   3.9669615e-02
  -6.8399794e-02
   9.4990284e-01
   3.0496895e-01
  -6.7585272e-01
   1.7205822e-01
  -7.1667222e-01
   7.5675981e-01
  -4.9020873e-01
   4.3244650e-01
   1.2556959e-01
   5.2819536e-01
   8.3978684e-01
   2.0511749e-01
  -7.3381215e-01
  -6.4764693e-01
  -3.3043248e-01
  -9.4058855e-01
  -7.8150792e-02
   2.0503337e-03
   5.2750316e-01
  -8.4955059e-01
   1.7142840e-01
   9.3732667e-01
  -3.0336616e-01
   9.9274144e-01
   9.7778369e-02
  -7.0027318e-02
   2.6093245e-02
  -7.5967796e-01
   6.4977576e-01
   6.2864739e-01
   7.4120205e-01
   2.3541874e-01
   6.0883293e-01
  -4.8286724e-02
  -7.9182754e-01
  -5.1463876e-01
   8.0782103e-01
  -2.8735367e-01
  -6.2029064e-01
  -6.2225594e-01
   4.7753226e-01
  -4.8909877e-01
  -5.5639583e-01
  -6.7171875e-01
  -6.2537395e-02
  -1.4527875e-01
  -9.8741235e-01
  -8.8580651e-01
  -2.8256749e-02
   4.6319368e-01
  -9.0378607e-01
  -3.9107893e-01
  -1.7386207e-01
   6.6877551e-01
   5.6055734e-01
  -4.8837975e-01
   7.9610741e-01
  -5.2740355e-01
  -2.9674650e-01
  -3.6104196e-01
  -7.0674369e-02
   9.2986764e-01
   7.6572825e-01
   2.0437561e-01
   6.0982855e-01
