  -3.9230280e-01
  -4.0523514e-01
  -8.2576207e-01
  -4.2109635e-01
   6.3179596e-01
   6.5077779e-01
   8.3435743e-01
  -1.6183786e-01
   5.2693091e-01
  -9.4346045e-02
  -8.4815024e-01
  -5.2128687e-01
  -5.9881381e-02
   9.6188071e-01
  -2.6683274e-01
   5.0860374e-01
   1.9200147e-01
  -8.3931977e-01
   5.0070218e-01
  -7.1500773e-01
  -4.8791523e-01
  -6.8667546e-01
  -6.8326941e-01
  -2.4823320e-01
   2.7266720e-01
   7.0422954e-01
  -6.5552525e-01
   8.2921478e-01
  -5.5888999e-01
  -6.6944649e-03
  -6.8263927e-02
   2.0224641e-01
  -9.7695262e-01
  -8.8694338e-01
   3.6415016e-01
  -2.8412339e-01
   2.9734056e-01
  -3.1805922e-01
   9.0023715e-01
  -6.6129048e-01
  -6.1046865e-01
   4.3591621e-01
  -6.0455532e-01
   1.5990898e-01
  -7.8034734e-01
  -9.7458933e-01
  -1.8316082e-01
   1.2894867e-01
  -7.4656188e-02
   9.5603234e-01
   2.8359939e-01
   8.0783544e-01
   4.6853147e-01
  -3.5760337e-01
   2.3568305e-01
  -3.7389922e-01
  -8.9702445e-01
  -3.6801142e-02
  -8.1004568e-01
   5.8521080e-01
   2.6321238e-01
   7.1533467e-01
   6.4731410e-01
   5.3797361e-01
  -6.8232527e-01
   4.9499152e-01
   4.7907108e-01
   8.7776588e-01
  -4.2371489e-03
  -8.6705987e-01
   3.9198084e-01
   3.0750316e-01
  -6.9731598e-01
   1.4737357e-02
   7.1661233e-01
  -9.4753880e-02
   2.2369341e-01
   9.7004276e-01
  -8.6364050e-01
  -2.0565922e-01
  -4.6024924e-01
  -5.8195208e-01
   8.1321588e-01
   3.4201695e-03
   9.9965376e-01
   1.9642929e-02
  -1.7507322e-02
   2.9557836e-01
  -9.5513005e-01
   1.8973952e-02
   8.1012271e-01
   4.8357931e-01
   3.3143966e-01
  -3.9548219e-01
   6.7051968e-01
  -6.2769196e-01
   8.1013204e-01
  -1.9656190e-01
  -5.5231286e-01
   5.1343926e-01
   2.3271925e-01
   8.2596723e-01
  -2.9634379e-01
  -3.6410219e-01
   8.8295524e-01
  -2.9252296e-01
  -9.5397040e-01
   6.6111944e-02
