  -5.7267440e-01
  -5.3378483e-02
   8.1804326e-01
  -1.9050821e-01
   5.0211086e-01
   8.4355872e-01
  -4.3345670e-01
  -8.7604673e-01
   2.1132303e-01
  -3.5626761e-01
   8.7423818e-01
   3.2981965e-01
   4.6907279e-01
  -8.7777753e-01
  -9.7351547e-02
   6.7528924e-01
   4.7981467e-01
  -5.6014491e-01
   8.8575818e-02
   9.9598236e-01
  -1.3170735e-02
   2.5764325e-01
  -5.6923711e-01
   7.8076185e-01
  -7.1317779e-01
  -2.4807716e-01
  -6.5561815e-01
  -6.7031203e-01
   4.8124994e-01
   5.6487191e-01
  -7.4387105e-01
   3.4708993e-01
  -5.7112559e-01
   7.9416348e-01
   4.2413873e-01
   4.3521340e-01
   9.4858532e-01
  -1.3373084e-01
   2.8688318e-01
   6.4193743e-01
   7.6588388e-01
  -3.6581664e-02
   3.6829691e-01
   3.6801279e-01
   8.5377045e-01
   1.9577672e-01
  -2.6423202e-01
  -9.4437964e-01
  -8.3888582e-01
   5.4426207e-01
  -7.0273196e-03
   2.0671996e-01
   8.2052272e-01
  -5.3292525e-01
  -9.8077118e-01
  -9.4787228e-02
  -1.7059682e-01
  -3.2290102e-01
  -5.9798136e-01
   7.3358928e-01
  -2.4750733e-01
  -6.1424364e-01
  -7.4929625e-01
  -4.1647244e-01
   8.5510556e-01
  -3.0878016e-01
   9.6511090e-01
   2.0499007e-01
  -1.6291110e-01
   2.6008019e-01
   3.0542568e-01
  -9.1600952e-01
   1.0694174e-01
  -9.2960158e-01
   3.5271003e-01
   4.4975979e-03
  -8.9965731e-02
   9.9593471e-01
  -9.5281280e-02
  -9.5598879e-01
  -2.7750118e-01
   7.1680324e-01
  -1.0606368e-01
  -6.8916153e-01
  -2.4797855e-01
   5.6587612e-01
  -7.8631473e-01
  -9.3159268e-01
   7.5827773e-02
   3.5550699e-01
   3.9587080e-01
  -6.7828449e-01
  -6.1904480e-01
  -3.1324390e-01
   1.3708765e-02
  -9.4957376e-01
   6.7739604e-01
  -6.3144202e-01
   3.7737989e-01
  -6.8927467e-01
  -6.7398055e-01
  -2.6580190e-01
   2.7278355e-01
   8.1881933e-01
   5.0509805e-01
   8.6777268e-01
  -4.4498777e-01
  -2.2126106e-01
  -8.1501178e-01
  -4.6691455e-01
   3.4314225e-01
   6.2690561e-01
  -1.2278763e-01
   7.6935854e-01
