  -4.3473687e-01
   8.9853677e-01
   6.0295339e-02
  -2.8581711e-01
   4.5525237e-01
  -8.4324009e-01
   9.6637693e-01
   1.5425782e-01
  -2.0571862e-01
   2.8293457e-01
   6.9763226e-01
  -6.5822280e-01
   3.8319043e-01
  -3.1076112e-01
  -8.6982333e-01
  -8.7398816e-01
   4.5459752e-01
   1.7171427e-01
  -4.3770753e-01
  -8.5596371e-01
  -2.7520581e-01
  -1.1785532e-01
   3.9851481e-01
   9.0955817e-01
  -6.3176270e-01
  -4.7679449e-01
   6.1118156e-01
   4.4525755e-01
   4.7417807e-01
   7.5953991e-01
   2.1894657e-01
  -9.0466805e-01
   3.6556549e-01
   5.3225015e-01
   7.9611022e-01
   2.8795536e-01
  -2.3097280e-01
  -1.7767705e-01
  -9.5659941e-01
   1.9589282e-01
   2.1140496e-01
  -9.5756668e-01
   2.6886635e-01
  -1.0204608e-01
   9.5775648e-01
  -6.8353352e-01
   1.5842873e-01
   7.1251826e-01
  -9.4708954e-01
  -1.0284714e-01
   3.0404582e-01
  -7.3086691e-01
   5.6141175e-01
  -3.8813709e-01
  -6.8453038e-01
   9.3105964e-02
  -7.2301413e-01
  -2.9043545e-01
  -1.5155147e-01
   9.4481713e-01
   8.3529466e-01
  -3.4429390e-01
  -4.2865435e-01
   6.5970341e-01
  -7.5109855e-01
   2.5345237e-02
   1.7143167e-01
   9.7998525e-01
  -1.0119334e-01
  -2.3823396e-01
   8.5325737e-01
  -4.6389270e-01
  -8.2348845e-01
  -5.6717805e-01
   1.3260179e-02
   5.6776124e-01
  -5.4395939e-01
   6.1786354e-01
   7.4260782e-01
  -1.2745516e-02
   6.6960524e-01
  -9.6831903e-01
  -1.0283479e-02
  -2.4950453e-01
   8.8062455e-02
  -9.8236875e-01
  -1.6491404e-01
  -3.8407302e-02
  -6.2540787e-01
   7.7935221e-01
   6.9046408e-01
   2.1260067e-01
  -6.9141906e-01
  -3.5409808e-01
  -8.8731906e-01
   2.9543094e-01
   9.4515166e-01
  -2.6491072e-01
   1.9107759e-01
  -6.6942414e-01
  -4.5219680e-01
  -5.8939747e-01
   7.0292619e-01
   6.6648130e-01
  -2.4838971e-01
  -5.0079311e-01
   6.5730426e-01
   5.6316726e-01
   4.4271568e-01
  -7.3766472e-01
  -5.0975836e-01
   1.7367362e-02
   8.6500400e-01
   5.0146432e-01
  -9.6429422e-02
  -6.9501583e-01
  -7.1249867e-01
   8.8128817e-01
   3.6868765e-01
   2.9563588e-01
