   1.6326263e-01
   5.7446663e-01
  -8.0208067e-01
  -6.9914904e-01
   6.3026401e-01
   3.3757652e-01
  -7.1362541e-01
  -6.7627314e-01
   1.8273864e-01
   5.7553159e-01
   5.8890271e-01
   5.6741254e-01
  -1.2666565e-01
   5.7759416e-01
   8.0643710e-01
   5.6105522e-01
  -7.1763444e-01
   4.1257466e-01
   2.5976437e-02
   9.9902425e-01
   3.5717984e-02
  -9.9520941e-01
   2.2307520e-02
  -9.5187173e-02
   7.2328548e-01
   6.6609382e-01
  -1.8214593e-01
   3.1201977e-01
  -1.1521969e-01
   9.4306314e-01
   1.5274779e-01
  -3.7453033e-01
  -9.1454642e-01
   9.6518434e-01
  -4.1304048e-02
   2.5828890e-01
  -5.2212794e-01
   1.0607377e-01
  -8.4624510e-01
  -5.8519166e-01
  -5.7872339e-01
  -5.6800525e-01
   4.0486297e-03
  -9.8002772e-01
  -1.9881971e-01
  -5.7093383e-01
   7.0808912e-01
  -4.1550494e-01
  -1.4134387e-01
  -7.4716083e-01
   6.4944022e-01
  -6.2803019e-01
  -8.4716611e-02
   7.7356394e-01
   7.0902765e-01
  -6.2071869e-01
  -3.3464624e-01
   7.9013746e-01
   6.3492901e-02
  -6.0963222e-01
