  -1.6174262e-01
   7.9578989e-01
  -5.8357329e-01
   8.5756213e-01
  -2.5816073e-01
  -4.4490474e-01
   3.4010809e-01
   1.6204555e-01
  -9.2631945e-01
  -8.2026300e-01
  -4.8968430e-01
  -2.9559752e-01
   4.3831811e-01
   5.2033606e-01
   7.3288990e-01
  -5.2633365e-01
   4.2485001e-02
  -8.4921606e-01
  -2.6769588e-01
  -9.3840468e-01
   2.1848473e-01
   5.4368750e-01
  -8.2644165e-01
   1.4628090e-01
   9.0827854e-01
  -7.3136762e-02
   4.1192367e-01
  -1.1424900e-01
   9.6905643e-01
   2.1880765e-01
   4.0238470e-02
  -7.3093868e-01
  -6.8125584e-01
   1.3456127e-01
  -3.8682958e-01
   9.1228074e-01
  -8.9310763e-01
   4.4770428e-01
  -4.3813683e-02
  -4.2812363e-01
   4.0077551e-01
   8.0999330e-01
   7.1830789e-01
   6.7006398e-01
  -1.8721122e-01
  -7.6954659e-01
  -3.0466034e-01
   5.6123090e-01
