  -7.5643913e-01
  -3.4283018e-03
  -6.5405511e-01
   6.5309005e-03
   8.6247354e-01
   5.0606002e-01
  -5.9211350e-01
  -7.8909951e-01
   1.6347342e-01
   3.6116313e-01
   4.6774197e-01
  -8.0670852e-01
   9.1091466e-01
   2.8340179e-01
  -2.9986314e-01
  -3.1839200e-01
   6.3130806e-01
  -7.0716099e-01
   1.9406031e-01
  -6.8700087e-01
  -7.0026452e-01
  -5.3154065e-01
  -6.6102098e-01
  -5.2963742e-01
   3.1798721e-01
   9.1187299e-01
  -2.5956075e-01
   9.0790542e-01
  -8.1164943e-02
   4.1124202e-01
  -2.0774380e-01
   2.8773714e-01
   9.3490633e-01
   2.4971195e-01
  -2.9332585e-01
   9.2282387e-01
   5.7056379e-01
  -7.1392612e-01
   4.0591434e-01
  -5.9325510e-01
  -2.8844120e-01
   7.5156507e-01
   4.6572998e-01
   3.5766328e-01
   8.0942730e-01
   5.9154335e-01
  -1.5191655e-01
  -7.9183194e-01
  -7.3758524e-01
   4.5275758e-01
   5.0097764e-01
  -1.3971470e-01
  -9.3189873e-02
  -9.8579686e-01
   1.0116952e-01
  -9.8898458e-01
  -1.0804733e-01
   7.0920975e-01
   6.5155161e-01
   2.6926203e-01
  -8.6045561e-01
   4.6779618e-01
  -2.0194771e-01
   8.1016390e-01
  -5.3801260e-01
  -2.3275930e-01
  -8.6994224e-02
  -8.0254783e-01
   5.9021096e-01
  -9.7703023e-01
  -2.0573869e-01
   5.5529542e-02
  -3.9195529e-01
   9.1945956e-01
  -3.1066963e-02
