   7.8574426e-01
  -4.6996338e-01
  -4.0216959e-01
   8.1910325e-02
   2.5723044e-01
  -9.6287237e-01
  -6.2156641e-01
   7.7655353e-01
  -1.0305251e-01
   8.2162943e-01
  -5.0420302e-01
   2.6590297e-01
   7.0801193e-01
   6.8682762e-01
   1.6427699e-01
   5.8317589e-02
   1.6352077e-01
   9.8481471e-01
  -5.7768093e-01
   7.1390039e-02
   8.1313480e-01
  -3.6705378e-01
  -9.1582789e-01
   1.6288275e-01
  -4.7554807e-01
  -2.3122585e-01
  -8.4875711e-01
  -8.8893146e-01
   3.2949222e-01
   3.1817564e-01
  -8.6364980e-02
   8.2067757e-01
  -5.6482689e-01
   7.6748834e-02
   9.9517953e-01
   6.1051690e-02
   3.0270079e-01
   6.8907940e-01
   6.5843892e-01
   2.3593329e-01
  -4.6820312e-01
  -8.5154056e-01
  -9.5192233e-01
   8.0736184e-02
  -2.9550895e-01
   2.3609658e-01
  -8.6160505e-01
   4.4932743e-01
  -3.6406644e-01
   7.1365944e-01
   5.9845287e-01
  -7.7409961e-01
  -5.6022776e-01
  -2.9481291e-01
   5.5750816e-01
   6.7481733e-01
  -4.8353513e-01
   9.8673888e-01
   1.3399923e-01
  -9.1600113e-02
   7.6585302e-01
   1.5187421e-01
   6.2482268e-01
  -5.6096005e-01
   4.1936076e-01
  -7.1376493e-01
  -2.3661311e-01
  -8.1567927e-01
  -5.2790300e-01
   6.8086813e-01
   6.9081138e-02
  -7.2914085e-01
   4.1122844e-01
  -3.7843329e-01
   8.2926438e-01
   3.3609658e-01
  -9.1907428e-01
  -2.0577063e-01
  -2.8197335e-01
  -5.2958094e-01
   8.0002191e-01
  -8.5860574e-01
  -3.7945554e-01
   3.4468780e-01
