   8.2955876e-01
   3.4896081e-01
  -4.3595712e-01
  -4.6002976e-01
  -7.8716836e-02
   8.8440730e-01
   2.4806593e-01
   6.5807976e-01
  -7.1091091e-01
   5.2124774e-01
   8.3828725e-01
  -1.5992270e-01
   4.7790355e-01
   3.8678202e-01
   7.8867475e-01
   4.6002976e-01
   7.8716838e-02
  -8.8440730e-01
   7.6982757e-01
  -3.5596443e-01
  -5.2976866e-01
  -2.4806593e-01
  -6.5807976e-01
   7.1091091e-01
  -3.8989739e-01
   6.5183398e-01
  -6.5045560e-01
  -9.9636024e-01
   8.5094278e-02
  -5.0241696e-03
  -5.2124774e-01
  -8.3828726e-01
   1.5992269e-01
  -7.8195880e-01
   1.4687567e-01
  -6.0577881e-01
  -2.6019716e-01
  -8.6716851e-01
  -4.2463656e-01
   3.7885077e-01
  -8.4222873e-01
  -3.8356597e-01
   7.8195880e-01
  -1.4687567e-01
   6.0577881e-01
   1.7104758e-01
  -1.4420053e-01
   9.7465324e-01
   2.6019716e-01
   8.6716851e-01
   4.2463656e-01
  -1.7104758e-01
   1.4420053e-01
  -9.7465324e-01
  -7.4040918e-01
   6.6240823e-01
  -1.1405955e-01
  -1.5141884e-01
   4.8251324e-01
   8.6270117e-01
   8.3705627e-01
   4.7818477e-01
   2.6584981e-01
  -4.7790355e-01
  -3.8678202e-01
  -7.8867475e-01
   1.0381888e-01
  -9.7834973e-01
   1.7903476e-01
  -8.3705627e-01
  -4.7818477e-01
  -2.6584981e-01
   1.5141884e-01
  -4.8251324e-01
  -8.6270117e-01
   7.4040918e-01
  -6.6240823e-01
   1.1405955e-01
  -1.0381888e-01
   9.7834973e-01
  -1.7903476e-01
   9.9636024e-01
  -8.5094281e-02
   5.0241677e-03
  -3.7885078e-01
   8.4222873e-01
   3.8356597e-01
   3.8989739e-01
  -6.5183397e-01
   6.5045561e-01
  -8.2955876e-01
  -3.4896081e-01
   4.3595712e-01
  -7.6982757e-01
   3.5596443e-01
   5.2976866e-01
