   6.8915044e-01
  -1.4807214e-01
   7.0932807e-01
  -8.7794493e-01
  -4.7806742e-01
  -2.5773036e-02
  -3.6349504e-01
  -8.2788873e-01
  -4.2716695e-01
   4.5132302e-01
   5.3479094e-01
   7.1435717e-01
  -9.2987302e-01
   1.8007855e-01
  -3.2079257e-01
  -5.5452620e-01
  -3.6738883e-01
   7.4667673e-01
   3.3742853e-01
  -9.2648149e-01
  -1.6665546e-01
   6.5354902e-02
   8.7292752e-01
  -4.8345246e-01
  -1.7050725e-02
   9.5283238e-01
   3.0301771e-01
   7.0448648e-01
   4.3710884e-01
  -5.5913743e-01
  -3.8996094e-01
   4.9296758e-01
   7.7776181e-01
   1.6755425e-01
   1.7356592e-01
  -9.7046404e-01
  -9.0760410e-01
   1.7161696e-01
   3.8314804e-01
   8.1870178e-01
  -5.5130884e-01
   1.6058005e-01
  -3.3230423e-01
  -9.0638224e-01
   2.6085461e-01
   6.0421762e-01
   7.9588232e-01
   3.8631456e-02
  -4.6934682e-01
   5.0485871e-01
  -7.2445238e-01
   9.7716975e-01
   1.8069925e-01
   1.1174547e-01
   2.1597412e-01
  -7.3201805e-01
   6.4614608e-01
  -5.5054785e-01
  -2.3742277e-01
  -8.0032961e-01
   5.2553512e-02
  -5.7929683e-02
   9.9693645e-01
  -6.1875755e-01
   7.8557202e-01
   3.9618490e-03
   1.5056410e-01
  -5.5079612e-01
  -8.2094706e-01
   7.7693290e-01
  -2.9914466e-01
  -5.5397450e-01
