  -1.9787341e-01
  -9.6528935e-01
  -1.7047753e-01
  -6.9123929e-01
   3.2813993e-02
   7.2188052e-01
  -3.7394962e-01
  -7.1402413e-01
   5.9188785e-01
  -8.1455878e-01
  -5.5461585e-01
   1.6998605e-01
  -8.9043125e-01
  -3.4407973e-02
  -4.5381524e-01
   1.5940139e-01
  -5.5973864e-01
  -8.1319361e-01
  -6.6065420e-01
   6.3659081e-01
  -3.9785446e-01
  -6.9295552e-02
  -1.2690006e-01
   9.8949204e-01
   9.0209390e-01
  -3.6094005e-01
   2.3653516e-01
   4.0243719e-01
   1.0732447e-01
  -9.0913462e-01
   3.1383347e-01
  -9.0198883e-01
   2.9652101e-01
   4.2187508e-01
  -4.7945067e-01
   7.6951184e-01
  -9.6082942e-01
   2.3364022e-01
   1.4906064e-01
   6.3972831e-01
   6.6333381e-01
  -3.8824727e-01
   8.5211874e-01
  -1.2829770e-01
  -5.0737890e-01
   5.4417931e-01
  -7.6390270e-01
  -3.4687395e-01
  -5.5359187e-01
  -5.9022129e-01
  -5.8751585e-01
   3.6686473e-01
   8.5339493e-01
   3.7030710e-01
  -1.0549329e-01
   5.5041680e-01
   8.2819835e-01
  -4.6088621e-02
   6.5304626e-01
  -7.5591429e-01
  -5.0118140e-01
   7.7665269e-01
   3.8161210e-01
  -3.5066670e-02
   9.9241622e-01
  -1.1781501e-01
  -3.6680493e-01
   4.2119344e-02
  -9.2934391e-01
   9.2754220e-01
   3.5553564e-01
   1.1515149e-01
   6.1408734e-01
   2.2171133e-01
   7.5745681e-01
