   8.0079365e-01
   5.4074395e-01
  -2.5753738e-01
  -5.9275201e-01
  -6.3490438e-01
   4.9552143e-01
  -1.4653550e-01
  -4.8248399e-01
  -8.6356039e-01
  -1.7739082e-01
   5.5144328e-01
  -8.1513361e-01
   2.8709246e-01
   7.2873650e-01
   6.2170815e-01
  -6.1358920e-01
  -7.8633586e-01
  -7.2001428e-02
  -8.9897019e-01
  -4.9619439e-02
  -4.3519020e-01
   4.6006796e-01
   2.8219698e-01
   8.4184460e-01
  -1.3489283e-01
  -6.3991242e-01
   7.5651571e-01
   8.1344298e-01
  -5.4391649e-01
   2.0607127e-01
   8.2349929e-02
  -1.4438296e-01
   9.8608927e-01
   4.4842528e-01
   4.3962541e-01
  -7.7823150e-01
   4.9156218e-01
  -3.8925093e-01
   7.7900599e-01
  -4.9244959e-01
  -1.2354394e-01
   8.6152788e-01
  -6.6911626e-01
   7.3919546e-01
   7.6638795e-02
  -6.0062492e-01
  -5.2844950e-01
  -5.9999237e-01
  -9.5399994e-01
   2.9766398e-01
   3.5780963e-02
   8.0967321e-01
  -4.9294295e-01
  -3.1849103e-01
  -4.4382465e-02
   9.9430031e-01
   9.6938570e-02
  -8.9275070e-01
  -1.3371736e-01
   4.3025093e-01
  -2.8603521e-01
   8.0661025e-01
   5.1726566e-01
   3.5348297e-01
  -6.8844334e-01
  -6.3332105e-01
  -2.9225470e-01
   8.9070817e-01
  -3.4817546e-01
  -1.3528622e-01
  -9.1005426e-01
  -3.9178934e-01
  -6.9932165e-01
   4.9861048e-01
  -5.1218826e-01
  -1.3095324e-01
  -9.6864330e-01
   2.1114310e-01
   4.6313729e-01
   8.8244573e-01
   8.2421981e-02
  -6.9126780e-01
   3.8970904e-01
   6.0850283e-01
   8.2349397e-01
   4.0010651e-02
  -5.6591238e-01
  -5.0483641e-01
   4.3946548e-02
  -8.6209564e-01
   8.0512663e-01
   4.8215491e-01
   3.4539507e-01
   6.8101982e-02
   4.8273086e-02
  -9.9650982e-01
   3.9097758e-01
  -9.1581050e-01
  -9.1802248e-02
   4.7988200e-01
  -2.3131528e-01
  -8.4628985e-01
   3.6151143e-01
  -7.9700146e-01
   4.8383692e-01
   9.9961187e-01
   2.7490978e-02
  -4.5123156e-03
  -9.2706171e-01
  -3.7373410e-01
  -2.9654711e-02
  -1.6500400e-01
   3.8395279e-01
   9.0848992e-01
   8.3152243e-01
  -6.8547470e-02
   5.5124559e-01
   2.7921955e-01
   8.3519139e-01
  -4.7380565e-01
