   6.9410019e-02
  -5.5419274e-01
  -8.2948939e-01
  -6.4554682e-01
   6.4981861e-01
   4.0125439e-01
  -1.8947589e-01
  -9.7997174e-01
  -6.1272066e-02
  -5.8794187e-01
  -4.3332751e-01
  -6.8304585e-01
  -1.6277033e-01
   2.4031712e-01
   9.5695010e-01
   7.9786307e-01
   5.9196813e-01
  -1.1396602e-01
   4.3562562e-01
  -8.0845924e-01
   3.9575748e-01
  -2.8942392e-01
  -5.8204716e-01
   7.5990453e-01
  -8.5818527e-01
   9.1894353e-03
   5.1325782e-01
   6.3517338e-01
   8.6089193e-02
  -7.6755679e-01
   6.0197715e-01
  -6.7992302e-01
  -4.1872210e-01
   1.0222273e-01
   9.1403321e-01
   3.9254785e-01
  -1.8297913e-01
   2.5564084e-01
  -9.4929784e-01
  -8.2975149e-01
  -5.4622600e-01
   1.1467179e-01
  -3.9205595e-01
   8.3856364e-01
  -3.7828976e-01
   5.0789069e-01
  -2.7391235e-01
   8.1671235e-01
   9.8577895e-01
  -1.6227977e-01
   4.3647982e-02
   6.1983029e-01
   3.8758538e-01
   6.8234008e-01
   2.8088456e-01
   8.1891565e-01
  -5.0048079e-01
  -8.9852578e-01
   2.2821830e-01
  -3.7492376e-01
