  -3.0115438e-02
  -5.5111767e-01
  -8.3388391e-01
  -2.2805423e-02
   8.2517501e-01
  -5.6441662e-01
  -3.1923717e-01
  -8.1303794e-01
  -4.8688494e-01
   9.4267443e-01
  -2.5326853e-02
  -3.3275135e-01
   7.1410840e-01
   9.1014018e-02
  -6.9409339e-01
  -4.5463435e-01
  -3.8198248e-01
   8.0460984e-01
  -1.8825044e-01
  -9.7294070e-02
  -9.7728994e-01
   9.0598793e-02
   3.3455047e-01
   9.3801271e-01
  -8.0549190e-01
  -9.0345913e-02
   5.8567945e-01
   7.4789868e-01
   3.3491966e-01
   5.7312860e-01
  -5.6822049e-01
   1.9252450e-01
  -8.0003737e-01
  -3.3093222e-01
  -7.9619362e-01
   5.0651711e-01
  -5.6148967e-01
   6.5374821e-01
  -5.0728949e-01
   8.5800006e-02
  -6.5582884e-01
   7.5001793e-01
   5.8628040e-01
  -6.7301686e-01
   4.5091418e-01
  -1.8283015e-01
   6.9680304e-01
   6.9356951e-01
   7.0225069e-01
   6.9082394e-01
   1.7206467e-01
  -6.8249077e-01
   4.8835127e-01
   5.4380088e-01
  -3.6800874e-01
   8.6918279e-01
   3.3028904e-01
   4.8124856e-01
   1.2608396e-01
   8.6746911e-01
   9.7538082e-01
   2.0175663e-01
   8.9031011e-02
   3.5129532e-01
   6.8973492e-01
   6.3313296e-01
  -2.1113396e-01
   9.6597270e-01
  -1.4939606e-01
   3.8998500e-01
  -2.8130037e-01
  -8.7680203e-01
   8.2441374e-02
  -9.7810679e-01
  -1.9107727e-01
   2.9179598e-01
  -7.6913863e-01
  -5.6857794e-01
   4.4560400e-01
   5.8653408e-01
  -6.7632451e-01
  -5.6818152e-01
  -3.9418236e-01
  -7.2235035e-01
  -1.3486676e-01
   4.9099248e-01
  -8.6066099e-01
  -4.3915151e-01
   2.0319174e-01
   8.7513374e-01
  -9.8184240e-01
  -1.8493354e-01
   4.2250345e-02
  -8.9767333e-01
   2.8953629e-01
  -3.3219171e-01
  -7.3406922e-01
  -6.4314257e-01
  -2.1796792e-01
   8.6420833e-01
  -1.7265435e-01
   4.7258273e-01
   4.7376588e-01
  -3.0353919e-01
   8.2668606e-01
  -9.3737121e-01
   2.9292248e-01
   1.8849837e-01
  -7.6115180e-01
  -5.6159286e-01
   3.2444013e-01
   7.2534429e-01
  -4.6722228e-01
  -5.0554821e-01
  -8.7047173e-01
  -1.6950939e-01
  -4.6210988e-01
  -4.3951839e-02
  -1.8739120e-01
   9.8130157e-01
   7.7674585e-01
   5.4284645e-01
  -3.1934874e-01
  -6.8318376e-01
   7.3010042e-01
  -1.4605546e-02
   6.0819688e-01
  -7.8925431e-01
  -8.4700563e-02
   1.8466008e-01
   9.4529582e-01
   2.6891719e-01
  -3.8724201e-01
  -9.1846642e-01
   8.0393203e-02
   1.7971645e-01
  -9.4121062e-01
   2.8604992e-01
   2.2729840e-01
   1.9233861e-01
  -9.5464197e-01
   9.1542527e-01
  -3.9939341e-01
   4.9814469e-02
   3.5297014e-01
   9.1301925e-01
  -2.0446989e-01
