   4.1157575e-01
   8.7267498e-01
   2.6276184e-01
   2.1848676e-01
  -5.5466659e-01
  -8.0287515e-01
   9.7934014e-01
   9.0451686e-02
   1.8086285e-01
  -9.6292833e-01
   2.5197841e-01
  -9.6311544e-02
   4.2471046e-01
   6.2935202e-01
   6.5079725e-01
   6.1667095e-02
  -1.2656976e-02
   9.9801652e-01
  -8.1203892e-01
   5.0132663e-01
   2.9877149e-01
   2.7087590e-01
  -1.8809310e-01
  -9.4405891e-01
  -8.0001061e-01
   3.2960003e-01
  -5.0134503e-01
  -1.4592840e-02
  -7.6422306e-01
   6.4478691e-01
  -9.3510071e-01
   3.5674137e-02
   3.5258193e-01
   6.6362138e-01
   7.6469965e-03
  -7.4802954e-01
   9.1869978e-01
   3.7191450e-01
  -1.3292977e-01
   4.0716258e-01
   2.5982560e-01
   8.7561937e-01
   5.4495581e-01
  -1.7629345e-01
   8.1972177e-01
   7.2946458e-01
   4.0257872e-01
  -5.5300253e-01
  -4.3076655e-01
   5.9568896e-01
   6.7793424e-01
   2.1916765e-01
   9.5543415e-01
  -1.9776533e-01
   8.2360045e-01
  -2.5325171e-01
   5.0748978e-01
   3.7175452e-02
  -9.8230037e-01
  -1.8358641e-01
  -5.8544095e-01
  -7.1155050e-02
  -8.0758643e-01
  -1.0224746e-02
   8.1740888e-01
   5.7596717e-01
  -7.1415514e-01
   6.8712218e-01
  -1.3358719e-01
  -8.3120628e-01
  -4.4229306e-01
   3.3685749e-01
  -6.6410802e-01
  -2.5088205e-01
   7.0428597e-01
   4.0989478e-01
   6.9494423e-01
  -5.9079505e-01
  -3.6695838e-02
   5.4829185e-01
  -8.3548158e-01
   7.6244553e-01
  -5.5711054e-01
  -3.2909674e-01
  -4.4098554e-01
  -6.8176912e-01
   5.8371450e-01
  -5.1871738e-02
   8.5297951e-01
  -5.1936045e-01
   6.4164826e-01
   7.5029306e-01
  -1.5921005e-01
  -3.7296746e-01
   1.3376232e-01
   9.1815190e-01
   3.2538078e-01
  -8.0250317e-01
  -5.0011599e-01
  -1.5421047e-01
  -7.7507225e-01
  -6.1276597e-01
  -1.0089534e-01
   5.5785239e-02
  -9.9333184e-01
   9.3561772e-01
  -4.4492963e-02
  -3.5019973e-01
   4.9627354e-01
  -6.4039612e-01
   5.8617863e-01
  -3.2038672e-01
   9.3766174e-01
  -1.3469529e-01
   3.2416631e-01
   3.1741637e-01
  -8.9115826e-01
   6.6353923e-01
  -4.0083355e-01
  -6.3170259e-01
  -9.7211973e-01
  -2.2280202e-01
  -7.3092280e-02
   7.6758377e-01
   5.6803196e-01
   2.9690880e-01
  -4.2940320e-01
  -8.6907625e-01
  -2.4560000e-01
  -8.1241274e-01
  -5.4396976e-01
  -2.0995818e-01
  -4.5426802e-01
   3.3175306e-01
  -8.2678925e-01
  -6.3256216e-01
  -7.5761083e-01
   1.6090662e-01
   7.2741713e-01
  -6.5409710e-01
   2.0741576e-01
  -4.3140898e-02
   9.8217646e-01
   1.8294334e-01
  -4.7402895e-01
   8.2491935e-01
   3.0790359e-01
  -3.4837536e-02
   4.8148018e-01
   8.7576434e-01
   9.4821910e-01
  -3.1723674e-01
   1.5536654e-02
  -7.0919849e-01
   2.4337805e-01
   6.6166806e-01
   4.9551133e-01
  -8.6496137e-01
  -7.9437699e-02
  -2.8820065e-01
  -3.5972833e-01
   8.8743220e-01
   2.6078212e-01
  -9.1905845e-01
   2.9550676e-01
  -4.8552152e-01
   6.7518009e-01
  -5.5533836e-01
   1.6950063e-01
  -4.3914607e-01
   8.8228128e-01
  -5.8632855e-01
  -5.3963862e-01
  -6.0415973e-01
   7.7667407e-01
   2.3946215e-01
   5.8261074e-01
  -1.9895850e-01
  -9.5629404e-01
   2.1428302e-01
  -8.6913174e-01
  -1.2702768e-01
  -4.7798952e-01
  -2.3943103e-01
  -3.7312010e-01
  -8.9635605e-01
