  -2.5273718e-01
  -7.3843191e-01
   6.2517376e-01
  -7.5023067e-02
   8.5224802e-01
   5.1773048e-01
   3.5089745e-01
  -1.6238986e-01
  -9.2222585e-01
   7.9932366e-01
  -2.0756403e-01
   5.6391387e-01
   4.1476414e-01
   8.7569992e-01
  -2.4722531e-01
  -6.6783512e-03
  -4.8653328e-01
   8.7363652e-01
  -4.5638780e-01
   6.0443957e-01
  -6.5296476e-01
  -6.8640805e-01
  -5.3989273e-01
  -4.8719588e-01
  -4.5570179e-01
   8.6348463e-01
   2.1617164e-01
  -9.1376784e-01
  -4.0355545e-01
  -4.6597604e-02
   2.7999622e-01
  -8.1351743e-01
  -5.0969747e-01
   6.5216868e-01
   2.1410825e-01
   7.2720951e-01
   7.3830092e-01
   4.8627195e-02
  -6.7271625e-01
  -8.4030039e-01
   3.8634313e-01
  -3.8030809e-01
   5.5084787e-01
  -4.8699348e-01
  -6.7779345e-01
  -8.2869360e-01
   5.5605993e-01
   6.3751648e-02
   2.6110181e-01
   7.0193750e-01
  -6.6265344e-01
  -5.1973156e-01
   8.1826871e-01
  -2.4559197e-01
  -8.6844785e-01
  -2.2166701e-01
   4.4346598e-01
  -9.2041661e-02
  -9.6698320e-01
  -2.3763801e-01
   1.9684600e-01
   2.6588844e-01
   9.4369221e-01
  -6.6794041e-01
  -6.7133197e-01
   3.2119931e-01
  -2.6601792e-01
  -7.5570339e-01
  -5.9845372e-01
   3.7068186e-01
  -1.6797336e-01
   9.1344398e-01
   2.4805705e-02
  -5.1631603e-01
  -8.5603880e-01
  -8.5333961e-01
  -1.0367242e-01
  -5.1094377e-01
  -8.7064125e-01
   2.4568131e-01
   4.2617427e-01
  -4.4174428e-01
  -2.9287495e-01
  -8.4798954e-01
   6.8535315e-01
  -6.6782784e-01
   2.9033951e-01
  -1.1317476e-01
   3.2933475e-03
  -9.9356964e-01
  -2.0284186e-01
  -9.5480219e-01
   2.1727392e-01
   9.4606949e-01
   1.8747165e-01
   2.6420995e-01
  -1.1744474e-01
   4.6307967e-01
  -8.7850097e-01
  -5.6747348e-01
   5.9821146e-01
   5.6578873e-01
  -5.8081105e-01
   9.9658553e-02
   8.0791503e-01
   7.0891713e-01
   4.9255287e-01
  -5.0480509e-01
   3.2878859e-01
  -9.4400420e-01
   2.7461499e-02
   2.8264353e-01
   6.4448541e-01
   7.1045844e-01
   2.0711779e-01
  -8.5431812e-01
   4.7669988e-01
   3.5189156e-01
   3.0450684e-01
  -8.8512593e-01
   4.4802317e-01
  -5.6794517e-01
   6.9044444e-01
  -1.7892939e-01
  -5.8487732e-02
   9.8212192e-01
   6.7857481e-01
   5.9229364e-01
   4.3442430e-01
   7.7429305e-01
   6.3245904e-01
  -2.1583399e-02
   9.4749441e-01
  -3.0711960e-01
   8.9061194e-02
   3.4967626e-01
   9.0876935e-01
   2.2773839e-01
   6.7287906e-01
  -7.1555295e-01
  -1.8766388e-01
   8.7847449e-01
  -2.9808221e-01
  -3.7340269e-01
  -9.9870743e-01
   4.2184697e-02
  -2.8353351e-02
  -5.6177600e-01
  -8.1879538e-01
  -1.1824491e-01
  -5.7076900e-01
   1.6790369e-01
  -8.0376060e-01
   9.6640578e-01
   1.7389910e-01
  -1.8925899e-01
  -5.2934830e-01
  -3.7577577e-01
   7.6064640e-01
  -2.2977886e-01
   4.7758544e-01
   8.4800579e-01
  -8.2994705e-02
   8.7777173e-01
  -4.7183543e-01
  -3.6684439e-02
   9.9919858e-01
  -1.6013777e-02
