  -1.4050057e-01
   4.1133867e-01
  -9.0058874e-01
  -4.7346371e-01
  -5.0881848e-01
  -7.1898253e-01
   5.4458047e-01
   1.6806056e-01
   8.2169809e-01
   9.8494536e-01
  -1.1937202e-01
  -1.2503183e-01
   8.3899359e-01
  -2.8714573e-01
   4.6220893e-01
   6.2960184e-02
  -1.0652438e-01
   9.9231475e-01
   3.2179380e-01
  -9.0989392e-01
  -2.6180489e-01
  -8.4012171e-01
   4.3675976e-01
  -3.2161534e-01
  -4.8489861e-01
  -8.1817325e-01
   3.0897551e-01
  -7.9321356e-02
   9.8445202e-01
  -1.5672377e-01
   8.6701999e-02
  -7.0512504e-01
  -7.0376234e-01
   8.3281720e-01
   7.3156696e-02
  -5.4869263e-01
  -3.5470158e-01
   2.0069264e-01
   9.1318632e-01
  -3.0752227e-01
  -9.0120077e-01
  -3.0539684e-01
  -8.3633237e-01
  -4.0126545e-01
   3.7354278e-01
   6.0260829e-01
   6.0139180e-01
  -5.2458665e-01
  -4.4637080e-01
  -4.0405160e-01
   7.9843310e-01
  -8.7245504e-01
  -1.6949305e-01
  -4.5836045e-01
  -7.7093238e-01
   1.0578938e-01
   6.2806995e-01
  -4.3474039e-01
   6.6236624e-01
   6.1014077e-01
  -5.3198339e-01
   8.4402675e-01
   6.7915451e-02
   8.9461871e-01
   2.1806575e-01
   3.9000602e-01
   1.3243500e-01
   5.1748889e-01
   8.4537933e-01
  -1.3024801e-01
  -1.7859467e-01
  -9.7526376e-01
  -1.9836687e-03
  -9.8238490e-01
   1.8685817e-01
  -5.9391413e-01
   1.2002351e-01
  -7.9552521e-01
  -8.5886030e-01
   4.4436452e-01
   2.5475312e-01
   6.7672087e-01
  -5.2682786e-01
  -5.1429687e-01
  -4.9149334e-02
  -6.8190374e-01
   7.2978876e-01
   4.4756282e-01
  -8.1446877e-01
   3.6922642e-01
  -7.5631405e-01
  -6.3208453e-01
  -1.6869559e-01
  -4.8212072e-01
   6.9541091e-01
  -5.3288205e-01
   3.4725303e-01
   2.5698625e-01
  -9.0187216e-01
   6.2620612e-03
   9.0886009e-01
   4.1705409e-01
   4.6181448e-01
  -4.1950785e-01
   7.8149891e-01
   4.5492818e-01
   8.9014632e-01
  -2.6074626e-02
   5.5558692e-01
   6.8879530e-01
   4.6570828e-01
  -9.9777056e-01
  -6.0821363e-02
   2.7471350e-02
   4.1384294e-01
  -2.5133246e-01
  -8.7496629e-01
   8.7111508e-01
   4.8747523e-01
  -5.9383641e-02
   1.3489350e-01
   7.9966023e-01
  -5.8510449e-01
   7.7127047e-01
  -6.3632169e-01
   1.5380583e-02
