   1.9070279e-01
  -9.8154211e-01
   1.4405687e-02
  -2.6242848e-01
  -6.4980933e-01
  -7.1335764e-01
  -7.5718525e-01
  -6.0858236e-01
   2.3727200e-01
  -4.2630469e-01
  -6.1097864e-01
   6.6706027e-01
  -1.8907199e-01
  -2.1891263e-01
   9.5725077e-01
   1.8221164e-01
  -4.8079387e-01
  -8.5769235e-01
   6.3423474e-01
  -4.7622529e-01
  -6.0906138e-01
   1.3857349e-01
  -5.4933545e-01
   8.2403152e-01
  -8.5027242e-01
   1.1169024e-01
  -5.1435600e-01
   9.3605458e-01
  -2.6920661e-01
  -2.2656040e-01
   4.9252264e-01
  -7.7452343e-01
   3.9690667e-01
   7.8870311e-01
   5.5020887e-01
   2.7425827e-01
  -6.6406758e-01
   7.3714333e-01
   1.2503585e-01
   9.0863872e-01
   3.2800137e-01
  -2.5843911e-01
  -6.1956616e-03
  -8.7738349e-01
   4.7974974e-01
  -8.1945198e-01
   3.3362956e-01
   4.6603623e-01
  -6.9672570e-01
   5.9196333e-01
  -4.0515765e-01
   4.1452138e-01
   8.5492041e-01
   3.1190242e-01
   3.8461566e-01
  -3.1426820e-02
  -9.2254168e-01
  -9.3771054e-01
  -2.7415814e-01
  -2.1339226e-01
  -4.3003168e-01
   6.5878540e-01
   6.1731236e-01
  -7.0619194e-01
  -2.1614952e-01
   6.7421979e-01
  -6.7730278e-01
  -6.7386799e-01
  -2.9523360e-01
   6.6406758e-01
  -7.3714333e-01
  -1.2503585e-01
   7.8004309e-01
   1.8379860e-02
  -6.2545580e-01
   7.8561764e-01
   6.9047059e-02
   6.1484749e-01
  -3.8544956e-01
  -9.0876365e-01
   1.5992896e-01
  -1.9529792e-01
  -1.2471890e-01
  -9.7278154e-01
  -1.7395839e-01
   9.5053020e-01
   2.5735348e-01
   8.6519853e-01
  -4.1835568e-01
   2.7642363e-01
   5.3770502e-01
   4.8731952e-01
  -6.8803560e-01
  -4.9570072e-01
   2.0053069e-01
   8.4502558e-01
   1.8520201e-01
   9.7628451e-01
  -1.1211050e-01
   1.8300278e-01
   7.9691179e-01
  -5.7570963e-01
  -9.5904943e-01
  -1.1728088e-01
   2.5781655e-01
   5.1241309e-01
   4.5149929e-01
   7.3046643e-01
  -2.1090773e-01
  -9.2867555e-01
  -3.0508958e-01
  -9.5279899e-01
   3.0021852e-01
  -4.5198772e-02
   2.6155884e-01
  -8.3239304e-01
  -4.8857834e-01
  -4.9311318e-01
   2.3237251e-01
  -8.3835697e-01
   9.8475516e-01
   6.9671916e-02
   1.5938352e-01
   6.4578492e-01
   7.3224148e-01
  -2.1629668e-01
   7.7671655e-02
   3.4257175e-01
  -9.3627544e-01
  -6.2381343e-01
  -3.2784017e-01
  -7.0949110e-01
   3.0669825e-01
   1.0597864e-03
   9.5180621e-01
  -3.0730540e-01
   9.1711916e-01
  -2.5388152e-01
  -2.7814670e-01
   6.5847294e-01
  -6.9931952e-01
   7.6424998e-02
   7.4731339e-01
   6.6006206e-01
  -3.0075983e-02
   3.4838976e-01
   9.3686713e-01
   5.9163578e-01
  -3.7820976e-01
   7.1198629e-01
