  -6.3983693e-01
  -7.6709075e-01
  -4.6695678e-02
  -8.1487372e-01
   8.3639587e-02
  -5.7357234e-01
   7.3255761e-01
   6.0983368e-01
   3.0242724e-01
  -2.3434067e-01
  -9.0302578e-01
   3.6004012e-01
   1.5035167e-01
  -3.0533235e-01
   9.4030130e-01
   9.4420661e-01
  -3.1576903e-01
  -9.3615158e-02
  -8.6103637e-01
  -3.9892286e-01
  -3.1539961e-01
   7.7578937e-01
   1.6569459e-01
   6.0884822e-01
  -2.3046092e-01
   7.6703250e-01
  -5.9878954e-01
  -8.8833422e-01
   1.4429443e-01
   4.3593742e-01
  -9.8592013e-01
   1.1704309e-01
  -1.1942531e-01
   4.1589171e-01
   5.8157027e-01
   6.9914956e-01
   4.6972501e-01
   8.8172691e-01
  -4.3772861e-02
   5.7562642e-01
   3.5281487e-01
  -7.3768278e-01
   9.2221644e-01
  -2.1144043e-01
   3.2374337e-01
  -4.7444547e-01
  -6.6917644e-01
  -5.7193040e-01
  -6.0948551e-01
   6.5962493e-01
   4.3979809e-01
  -6.3086857e-02
  -4.4547313e-01
  -8.9306984e-01
   2.5211542e-01
  -7.4547376e-01
   6.1701433e-01
   3.9966377e-01
  -5.4846267e-01
  -7.3447775e-01
   7.5515860e-01
   5.9094283e-01
  -2.8376409e-01
  -4.4747740e-01
   3.3930898e-01
  -8.2742576e-01
   9.2528203e-01
   1.2885755e-01
  -3.5671962e-01
  -5.6463738e-01
  -2.4670424e-01
  -7.8760501e-01
   6.1788864e-01
  -4.0096530e-01
   6.7634345e-01
   3.5468210e-01
  -5.7601550e-02
  -9.3321094e-01
  -1.6704609e-01
   2.3478242e-02
  -9.8566951e-01
  -2.3880015e-01
  -6.0402904e-01
   7.6034427e-01
   2.3004995e-01
   9.0370427e-01
   3.6110332e-01
   7.2696703e-03
   2.7145955e-01
   9.6242239e-01
  -7.1476374e-01
   5.4931846e-01
  -4.3285335e-01
  -6.8940777e-01
  -2.2937219e-01
   6.8709921e-01
   4.5682762e-01
   8.6025173e-02
   8.8538590e-01
  -5.3581319e-01
   3.2356701e-01
   7.7987731e-01
  -2.2195900e-01
  -9.6168788e-01
  -1.6090565e-01
  -1.1867731e-01
   6.7044318e-01
   7.3240811e-01
  -6.4761045e-01
  -6.2720151e-01
   4.3268807e-01
  -5.0292254e-01
   8.5607904e-01
  -1.1915364e-01
   3.7318172e-01
  -8.9563024e-01
  -2.4203692e-01
   9.6214059e-01
   2.6154272e-01
   7.6687010e-02
   2.2161886e-01
  -9.6451569e-01
   1.4350806e-01
   7.9365784e-02
   4.4065225e-01
  -8.9416255e-01
  -8.4683764e-01
   5.2835053e-01
   6.0923995e-02
  -3.0507396e-01
  -1.1910767e-01
   9.4485091e-01
   7.5597415e-01
  -1.8362666e-01
  -6.2831866e-01
  -2.3447884e-01
   9.3204879e-01
   2.7623309e-01
  -9.3662738e-01
  -3.0704870e-01
   1.6867199e-01
   2.6665479e-03
   9.8327872e-01
  -1.8208746e-01
   7.0884105e-01
  -6.3429258e-01
  -3.0857300e-01
   6.6578686e-01
  -7.0731892e-01
   2.3754537e-01
   3.1639239e-01
   7.6570398e-01
  -5.5999399e-01
   2.7147367e-02
  -8.2601823e-01
  -5.6298926e-01
