  -9.5443131e-01
   2.4392032e-01
   1.7194115e-01
  -1.8818234e-01
   5.8850687e-01
  -7.8628689e-01
  -3.5232702e-01
   1.5947351e-01
   9.2218971e-01
  -7.7518556e-01
  -1.0403719e-01
  -6.2310802e-01
  -2.3377760e-01
  -3.4883228e-01
   9.0755940e-01
   4.5595431e-01
  -5.4886708e-01
  -7.0060730e-01
  -9.2357101e-01
   2.2852716e-01
  -3.0788297e-01
   5.7175754e-01
   2.1818025e-01
  -7.9087970e-01
   4.0201901e-01
   8.6648233e-01
  -2.9595452e-01
  -7.4759420e-01
  -5.2276092e-01
  -4.0966320e-01
   9.2327967e-01
  -2.3454222e-01
   3.0421143e-01
  -4.1948950e-01
   1.3711147e-01
  -8.9734553e-01
   5.1724826e-01
   8.4284793e-01
   1.4853151e-01
   1.6629830e-02
  -5.8287627e-01
  -8.1239073e-01
   9.7575396e-01
   1.9631352e-01
   9.6774048e-02
  -3.5559346e-01
   9.3405903e-01
   3.2970034e-02
   4.6970941e-02
  -9.5899401e-01
   2.7950710e-01
  -9.2576125e-02
  -9.8513384e-01
  -1.4471001e-01
  -8.1428470e-01
  -5.6716384e-01
   1.2355405e-01
   2.1470634e-01
  -8.7249877e-01
  -4.3891581e-01
   9.1550332e-01
   1.3576660e-01
  -3.7870979e-01
  -4.9506384e-01
  -3.8714381e-01
  -7.7783768e-01
   4.2160658e-01
   4.2886777e-01
   7.9894951e-01
  -4.7003412e-01
   7.8034301e-01
  -4.1247146e-01
   8.1640613e-01
   5.7399608e-01
  -6.3320841e-02
   1.0883937e-02
   5.3816295e-01
   8.4277053e-01
  -9.1910020e-01
  -2.1002897e-01
   3.3338064e-01
   1.9518898e-01
  -4.4384566e-01
   8.7458693e-01
   7.7686015e-01
  -2.0551461e-01
  -5.9519076e-01
  -4.0925986e-01
  -8.6236951e-01
   2.9803556e-01
  -2.9432068e-01
  -7.7124294e-01
  -5.6441090e-01
  -6.6106476e-01
  -1.3787524e-01
   7.3755257e-01
   8.3678061e-02
   2.8544829e-01
  -9.5473413e-01
   2.4743252e-01
   6.3075573e-01
  -7.3547560e-01
   8.1055103e-01
   1.1303490e-01
   5.7465654e-01
   6.9059467e-01
  -6.5406845e-01
  -3.0866398e-01
   7.2978182e-01
   5.2389962e-01
   4.3925810e-01
   2.7375520e-01
   7.9190298e-01
   5.4584591e-01
  -6.7149013e-01
   6.7960824e-01
   2.9535342e-01
   5.0567057e-01
  -4.4582146e-02
   8.6157397e-01
  -1.9355382e-01
   8.6395872e-01
   4.6487875e-01
  -6.5526530e-01
   4.1284214e-01
  -6.3260474e-01
   6.3312471e-02
   9.9371846e-01
   9.2277552e-02
   3.8912790e-01
  -7.6396624e-01
   5.1471842e-01
  -1.0433962e-01
  -7.1203296e-01
   6.9435028e-01
   4.3264761e-01
  -9.0152063e-01
  -8.7527167e-03
  -3.1612524e-02
   9.1493773e-01
  -4.0235506e-01
  -1.0235596e-01
  -1.8450184e-01
  -9.7748776e-01
   9.4731536e-01
  -2.7626967e-01
  -1.6207614e-01
  -5.2319810e-01
  -8.3946840e-01
  -1.4682151e-01
   6.8081333e-01
   5.4561022e-01
  -4.8867442e-01
  -7.7510820e-01
   6.1872835e-01
  -1.2799414e-01
   6.5491074e-01
  -4.2016235e-01
   6.2813655e-01
   7.8662929e-02
   5.6479112e-02
   9.9530008e-01
  -5.8844634e-01
  -5.6274232e-01
   5.8056178e-01
  -9.7051721e-01
  -2.0276266e-01
  -1.3032134e-01
   7.3841370e-01
  -6.5516577e-01
   1.5969664e-01
  -4.4971313e-01
   5.5150261e-01
   7.0256884e-01
  -7.7590266e-01
   2.6225076e-01
   5.7375919e-01
   3.5992242e-01
  -1.5626613e-01
  -9.1980256e-01
