  -1.7464728e-01
   9.8307403e-01
   5.5351308e-02
  -2.6554075e-01
  -6.9064807e-02
  -9.6162267e-01
  -4.8864363e-01
   6.1330776e-01
   6.2054895e-01
  -7.6955034e-01
   1.1439527e-01
  -6.2825631e-01
   2.7070678e-01
   7.4604003e-01
   6.0839305e-01
   8.6449056e-01
   4.2399435e-01
  -2.6997197e-01
   3.7026744e-01
   9.0870388e-01
  -1.9276744e-01
   4.6947828e-01
  -7.1506797e-01
   5.1794588e-01
   5.2576581e-01
  -1.3559840e-02
   8.5052128e-01
  -8.1655700e-02
  -9.9436641e-01
   6.7585384e-02
  -2.0036518e-01
   6.8105144e-01
  -7.0428881e-01
   8.7095335e-01
  -1.4814393e-01
  -4.6850148e-01
  -9.4956363e-01
   2.5140177e-01
   1.8741950e-01
   6.0786679e-01
  -7.6991228e-01
  -1.9424998e-01
  -6.6426182e-01
  -1.5383949e-01
   7.3149822e-01
   4.0065017e-01
  -3.0917245e-01
  -8.6249165e-01
   3.6128322e-01
   4.2188041e-01
  -8.3155959e-01
  -5.6531093e-01
  -6.5250623e-01
  -5.0463767e-01
  -6.3535113e-02
  -5.9359921e-01
   8.0224888e-01
  -6.9428163e-01
   6.9486946e-01
  -1.8742850e-01
   1.1140984e-02
  -7.6830178e-01
  -6.3999082e-01
  -5.9632767e-01
  -7.5267881e-01
   2.7904823e-01
   9.4192849e-01
  -2.1088711e-01
   2.6133759e-01
  -4.9025155e-02
   1.6278548e-01
   9.8544275e-01
  -9.4930564e-01
  -3.1258624e-01
  -3.3296164e-02
   7.7557593e-01
   5.1722884e-01
   3.6187885e-01
