  -8.5064907e-01
   5.2573393e-01
  -1.8514690e-06
  -9.3417097e-01
   4.0987510e-06
  -3.5682572e-01
   5.7734993e-01
   5.7734677e-01
   5.7735410e-01
   5.7735060e-01
  -5.7735060e-01
  -5.7734960e-01
  -5.7735443e-01
  -5.7734995e-01
   5.7734642e-01
  -5.7734610e-01
   5.7735378e-01
  -5.7735093e-01
  -5.7734994e-01
  -5.7734673e-01
  -5.7735413e-01
  -5.7735060e-01
   5.7735059e-01
   5.7734962e-01
   5.7735446e-01
   5.7734993e-01
  -5.7734642e-01
   5.7734609e-01
  -5.7735379e-01
   5.7735092e-01
  -8.5065256e-01
  -5.2572828e-01
  -4.7702340e-06
  -9.3417374e-01
   2.1075830e-06
   3.5681847e-01
   5.2573445e-01
   5.9418400e-07
  -8.5064874e-01
   2.4689360e-06
  -3.5681950e-01
  -9.3417335e-01
   5.2572780e-01
  -4.0875750e-06
   8.5065286e-01
  -2.4447220e-06
   3.5681952e-01
   9.3417334e-01
  -5.2572779e-01
   4.1136520e-06
  -8.5065286e-01
   4.8475340e-06
   3.5682468e-01
  -9.3417137e-01
  -4.8857180e-06
  -8.5065227e-01
   5.2572875e-01
  -3.5682522e-01
  -9.3417116e-01
  -3.9953740e-06
   7.6741000e-07
   8.5064936e-01
   5.2573345e-01
   3.5682518e-01
   9.3417118e-01
   3.9525330e-06
  -7.9069300e-07
  -8.5064934e-01
  -5.2573348e-01
   3.5681896e-01
  -9.3417355e-01
  -1.1958180e-06
   8.5065256e-01
   5.2572828e-01
   4.7730280e-06
   9.3417096e-01
  -4.0903690e-06
   3.5682575e-01
  -5.2573441e-01
  -6.0908500e-07
   8.5064877e-01
  -4.8158690e-06
  -3.5682467e-01
   9.3417137e-01
   4.8773360e-06
   8.5065226e-01
  -5.2572877e-01
  -3.5681900e-01
   9.3417354e-01
   1.1837110e-06
   8.5064905e-01
  -5.2573396e-01
   1.8794090e-06
   9.3417376e-01
  -2.1364540e-06
  -3.5681842e-01
