   9.0462864e-01
   3.8644168e-01
  -1.7974941e-01
   3.6136747e-01
  -1.8078411e-01
   9.1472983e-01
   8.8998885e-01
  -4.4506296e-01
  -9.9190751e-02
  -6.1450309e-01
   5.7290635e-01
   5.4236913e-01
   8.7690012e-01
  -9.4973976e-03
   4.8057879e-01
  -1.1796175e-01
   9.4890120e-01
   2.9269702e-01
   6.8770365e-01
  -1.4435986e-01
  -7.1149415e-01
  -1.1547845e-02
   4.1107740e-01
   9.1152730e-01
  -1.2952971e-01
  -9.9136032e-01
  -2.0658609e-02
  -9.6318942e-01
   1.6516467e-02
   2.6831577e-01
  -7.2821315e-01
   6.4636788e-01
  -2.2784683e-01
  -1.9798355e-01
   8.3937277e-01
  -5.0621722e-01
   3.5242497e-01
   4.2374383e-01
  -8.3440866e-01
  -4.9977093e-01
  -6.2948723e-01
  -5.9495785e-01
  -8.9113458e-01
  -7.3837015e-02
  -4.4769103e-01
   2.5782300e-02
  -3.2774298e-01
  -9.4441506e-01
  -1.6031535e-01
  -7.0551300e-01
   6.9032630e-01
   4.8782861e-01
   8.5750055e-01
  -1.6345047e-01
  -4.1995739e-01
   2.0267319e-01
  -8.8462386e-01
   5.5836085e-01
   6.0759815e-01
   5.6485188e-01
   3.1026449e-01
  -8.4032336e-01
  -4.4451388e-01
   5.3510045e-01
  -7.5532158e-01
   3.7836069e-01
  -7.6956367e-01
  -6.1732344e-01
   1.6335094e-01
  -4.8667998e-01
  -1.9248619e-01
   8.5211012e-01
