   3.5286933e-01
   7.4990447e-01
  -5.5957709e-01
  -3.9102045e-01
  -5.0929142e-01
  -7.6663241e-01
   6.2339143e-01
   5.6464759e-02
   7.7986849e-01
  -8.7305064e-01
   1.5072733e-01
   4.6374977e-01
   2.4643376e-01
  -8.1052425e-01
   5.3133873e-01
  -2.8740443e-01
  -2.7010081e-01
   9.1893648e-01
  -4.9803568e-01
   8.6228929e-01
  -9.1747670e-02
  -9.2485864e-01
   3.1132025e-02
  -3.7903468e-01
   5.2418663e-01
  -1.7254281e-01
  -8.3394086e-01
   9.3851554e-01
   3.2907633e-01
  -1.0439040e-01
   1.9462575e-01
  -9.3011955e-01
  -3.1144571e-01
  -6.4954238e-01
  -7.4621124e-01
   1.4582004e-01
   4.0467734e-01
   8.6949977e-01
   2.8320736e-01
   8.5939375e-01
  -5.1093568e-01
   1.9675285e-02
  -2.0828265e-01
   5.6991119e-01
   7.9487079e-01
  -3.1189866e-01
   3.3072060e-01
  -8.9069810e-01
