  -6.5282976e-01
   7.5707361e-01
   2.5550994e-02
   6.5548037e-01
  -6.2067566e-01
  -4.3024087e-01
   1.8839963e-01
  -4.2181080e-01
   8.8689414e-01
   2.3533269e-01
  -9.6223485e-01
  -1.3683060e-01
  -9.4320403e-01
   2.1142600e-01
  -2.5625223e-01
  -5.7484007e-01
  -5.1230625e-01
   6.3804482e-01
   5.9617544e-02
   9.8631957e-01
   1.5368624e-01
   9.6407701e-01
  -2.6332913e-01
  -3.4832313e-02
   7.5287278e-01
  -3.3387258e-02
   6.5731869e-01
  -1.0646142e-01
  -7.2940653e-01
  -6.7574558e-01
  -7.2443105e-01
  -3.6621398e-01
  -5.8402651e-01
   2.4160210e-01
   3.3526259e-01
   9.1061925e-01
   8.0705253e-01
   1.6076588e-01
  -5.6817299e-01
   3.9411911e-01
  -2.8335158e-01
  -8.7428943e-01
  -5.7416763e-01
   4.1848187e-01
  -7.0370764e-01
  -1.9034410e-01
   8.5036539e-01
  -4.9055869e-01
   5.4335021e-01
   7.8109461e-01
  -3.0767150e-01
  -9.1946047e-01
  -3.6352535e-01
   1.4980576e-01
  -8.3549425e-01
   2.3883536e-01
   4.9488081e-01
   8.9858749e-01
   4.1542849e-01
   1.4127878e-01
  -3.7341875e-01
  -7.4848235e-03
   9.2763269e-01
  -5.1467131e-01
  -8.5240810e-01
  -9.2270664e-02
  -2.9879210e-01
   6.9631479e-01
   6.5258638e-01
   6.2415086e-01
  -6.8576013e-01
   3.7439117e-01
  -1.0460613e-01
  -8.7445010e-01
   4.7370305e-01
   2.1685389e-01
   4.5490254e-01
  -8.6373495e-01
  -2.6230246e-01
  -4.4426180e-02
  -9.6396252e-01
   4.9352734e-01
   7.1450003e-01
   4.9590370e-01
