  -4.4351557e-02
   2.0851925e-01
  -9.7701211e-01
  -3.8500874e-01
   9.0119168e-01
   1.9905232e-01
   1.6623138e-01
   5.4818617e-01
   8.1967008e-01
   9.9254162e-01
   9.2154232e-02
   7.9804273e-02
   1.2056674e-01
   9.5940721e-01
   2.5495386e-01
   7.3253319e-01
  -3.8431502e-01
   5.6186928e-01
  -6.5419338e-02
   8.0767467e-01
   5.8598800e-01
  -5.0299356e-01
  -7.2113920e-01
  -4.7639871e-01
   5.6342755e-01
   3.1250433e-01
   7.6478130e-01
  -6.8705178e-01
   2.4057661e-01
   6.8562580e-01
  -9.2403738e-01
  -2.8244589e-01
   2.5764168e-01
   9.3226397e-01
  -2.1606781e-01
  -2.9016992e-01
   3.7914579e-01
  -9.1162828e-01
  -1.5868948e-01
  -8.3020484e-01
   4.6590585e-02
  -5.5550809e-01
  -4.8561274e-01
   6.4254055e-01
   5.9272414e-01
  -1.5968560e-01
  -6.2805824e-01
  -7.6160577e-01
   2.8656618e-01
   9.3376484e-01
  -2.1438995e-01
  -5.3229437e-01
  -3.2045729e-01
  -7.8356226e-01
   3.8551470e-01
  -5.6588021e-01
   7.2880588e-01
   6.2592029e-01
   2.7910183e-01
  -7.2823483e-01
   3.3679057e-02
  -3.1893362e-01
   9.4717847e-01
  -6.7213941e-01
   4.8202811e-01
  -5.6202981e-01
   8.8797705e-01
   2.0452410e-01
  -4.1190611e-01
   2.3474183e-01
  -7.8729803e-01
  -5.7013865e-01
   8.5651536e-01
   5.0853674e-01
  -8.8157901e-02
  -7.7613620e-01
   5.6783585e-01
   2.7418068e-01
  -6.4709836e-01
   7.4986764e-01
  -1.3770344e-01
  -1.2381454e-01
  -2.2142383e-01
  -9.6728561e-01
  -2.6834329e-01
   4.0055965e-01
   8.7609579e-01
   3.2230391e-01
   2.5258744e-02
  -9.4629921e-01
   2.5888125e-01
  -8.9894412e-01
   3.5338361e-01
   2.6609495e-01
   5.3445076e-01
  -8.0221933e-01
  -6.4398063e-01
  -6.3833668e-01
   4.2168142e-01
  -2.7848769e-01
  -8.6378082e-01
   4.1991344e-01
  -7.4446032e-01
  -1.7939997e-01
   6.4311312e-01
   4.5906124e-01
   7.3236170e-01
   5.0290071e-01
  -2.5897974e-01
   5.3355689e-01
  -8.0513759e-01
   1.2069962e-01
   1.3465229e-01
   9.8351429e-01
  -9.1498513e-01
   3.6570551e-01
  -1.7047492e-01
   6.1129557e-01
   6.5862036e-01
  -4.3879032e-01
   2.9613012e-01
  -4.2134501e-01
  -8.5719037e-01
  -3.3533506e-01
   8.1714450e-01
  -4.6885526e-01
  -9.8997242e-01
  -7.9123316e-02
  -1.1702185e-01
  -9.3922910e-01
   1.7485631e-01
   2.9542166e-01
  -4.9785922e-01
   1.2818427e-01
  -8.5773247e-01
  -4.1028164e-01
  -4.7976026e-01
   7.7556371e-01
   5.7134324e-01
   8.1804950e-01
   6.6044798e-02
   1.2643448e-01
   8.0051534e-01
  -5.8582379e-01
   4.7941460e-01
  -1.2347260e-01
   8.6885911e-01
   6.2929454e-01
  -5.9211063e-01
  -5.0338194e-01
   6.9456862e-01
  -1.9950604e-01
  -6.9121037e-01
  -3.0249242e-02
  -7.2375611e-01
   6.8939254e-01
  -3.5228513e-01
  -4.1981736e-02
   9.3495065e-01
  -1.5693760e-01
   9.7501007e-01
  -1.5724487e-01
   8.0368239e-01
   4.6354947e-01
   3.7311728e-01
  -8.0954829e-01
  -5.8416448e-01
  -5.8167260e-02
   9.1856851e-01
  -3.4223920e-01
   1.9774786e-01
  -8.2153270e-01
  -3.8078967e-01
  -4.2436217e-01
  -3.8355896e-02
  -9.9717007e-01
   6.4658079e-02
   7.6500637e-01
  -6.3441359e-01
  -1.1083614e-01
  -5.1004498e-01
  -8.5991512e-01
  -2.0002664e-02
  -1.1998519e-01
  -9.3334877e-01
  -3.3832475e-01
   5.9245856e-01
  -7.5376798e-01
   2.8430034e-01
   8.4627975e-01
   3.6870323e-02
   5.3146135e-01
