   6.3413383e-01
  -5.6744521e-01
   5.2524300e-01
   5.8590764e-01
   6.3525655e-01
  -5.0315142e-01
   8.7764738e-01
  -2.9067911e-01
  -3.8110462e-01
  -7.8877448e-01
  -1.7068921e-01
   5.9050827e-01
   1.2746454e-01
  -4.4094275e-01
   8.8843811e-01
   1.1482754e-01
   5.4809756e-01
  -8.2849484e-01
   8.8460675e-01
   3.2304801e-01
   3.3631960e-01
  -5.1854519e-01
  -2.7030460e-01
  -8.1120053e-01
   9.5073499e-01
  -2.5386678e-01
   1.7791753e-01
  -4.0445200e-01
   7.7688057e-01
  -4.8257140e-01
  -3.4653509e-01
  -9.2557400e-01
   1.5240142e-01
   6.1788186e-01
  -7.8287011e-01
  -7.3050677e-02
   1.6208901e-01
   9.3075016e-01
   3.2776714e-01
  -7.9027398e-01
  -5.7913883e-01
   2.0016307e-01
  -3.9437445e-01
   9.0312191e-01
   1.6982227e-01
   1.7276949e-01
  -8.9690296e-01
   4.0708203e-01
  -8.2353288e-01
   2.5029708e-01
  -5.0906284e-01
  -1.0302154e-01
  -6.4880790e-01
  -7.5394620e-01
   4.6534177e-01
  -5.6437899e-01
  -6.8186024e-01
   6.5845107e-01
  -5.0081426e-02
   7.5095542e-01
  -3.4864756e-01
  -6.1481330e-01
   7.0742454e-01
   1.0728073e-01
  -9.6626541e-02
  -9.8952219e-01
  -3.5856436e-01
   1.0062472e-02
   9.3345077e-01
  -8.1857991e-01
   5.7262137e-01
  -4.5074439e-02
  -2.1011908e-01
   6.3049410e-01
   7.4721293e-01
  -4.9799006e-01
  -7.8292418e-01
  -3.7287482e-01
   1.4176977e-01
  -9.5674066e-01
  -2.5406425e-01
   9.3017985e-01
   2.5875280e-01
  -2.6040819e-01
  -6.8623117e-01
   4.5662354e-01
   5.6619936e-01
  -9.9147050e-01
   5.9427026e-02
   1.1599425e-01
   1.9189444e-01
   1.8743959e-01
   9.6334985e-01
   6.2519217e-01
   7.7935448e-01
   4.1729508e-02
  -8.8460675e-01
  -3.2304801e-01
  -3.3631960e-01
   4.5725454e-01
   5.8848443e-01
   6.6678659e-01
  -3.9476128e-01
   2.7712776e-01
  -8.7599300e-01
   5.8339282e-01
   7.7244013e-02
  -8.0850861e-01
   7.1660094e-02
   9.5075113e-01
  -3.0155782e-01
