   5.7683447e-01
   5.2063701e-01
   6.2944348e-01
   8.3990476e-01
  -1.2122486e-01
  -5.2902223e-01
   8.3127208e-02
  -8.6981488e-01
  -4.8632494e-01
  -3.0822580e-01
  -6.3690038e-01
  -7.0665038e-01
  -8.5847239e-02
   4.8917461e-01
  -8.6795072e-01
  -5.5486883e-01
   6.0382337e-01
   5.7229181e-01
   6.9118865e-01
  -6.6591662e-01
  -2.8073707e-01
   2.9152438e-01
   1.1929541e-01
   9.4909543e-01
  -4.6449815e-02
  -1.2967356e-01
  -9.9046816e-01
   1.2058999e-01
   7.3617626e-01
   6.6595989e-01
  -1.6374423e-01
   9.6124120e-01
   2.2181790e-01
  -7.7708502e-01
  -4.6345964e-01
  -4.2584507e-01
   6.5617922e-01
  -6.7059088e-01
   3.4602993e-01
  -1.4182826e-02
  -8.8289513e-01
   4.6935598e-01
  -9.3922246e-01
   2.3750308e-01
   2.4789807e-01
  -5.7589157e-01
  -5.5515030e-03
  -8.1750724e-01
   3.6294254e-01
  -4.6556607e-01
  -8.0716847e-01
  -1.9165280e-01
  -3.6113555e-01
   9.1260633e-01
  -4.5804732e-01
  -8.8573231e-01
  -7.5305559e-02
   7.8984381e-01
  -1.1768002e-01
   6.0191210e-01
   4.8906374e-01
   2.0377897e-01
  -8.4811013e-01
   9.8067329e-01
  -1.9544830e-01
   8.9360606e-03
  -9.4750255e-01
   1.2720916e-01
  -2.9335430e-01
  -6.7790029e-01
   7.3277213e-01
  -5.9128728e-02
   2.0198942e-01
  -9.7885794e-01
   3.2208769e-02
   4.2678549e-01
   7.3130270e-01
  -5.3202492e-01
  -2.4388689e-01
   2.8328726e-01
   9.2750607e-01
   8.9356007e-01
   3.9921575e-01
   2.0537086e-01
   8.5027383e-01
   4.4052933e-01
  -2.8804223e-01
   3.4976041e-01
  -5.0821282e-01
   7.8701168e-01
  -5.8474526e-01
   5.6881010e-01
  -5.7838400e-01
  -5.4059792e-01
  -6.7108589e-01
   5.0734368e-01
  -9.0179013e-01
  -4.0764254e-01
   1.4353435e-01
   4.4938456e-01
   8.9031567e-01
   7.3426964e-02
  -7.1732049e-01
  -6.4228132e-02
   6.9377667e-01
  -8.5404114e-02
   9.2995527e-01
  -3.5761618e-01
