  -2.5074749e-01
   4.2031203e-01
   8.7204558e-01
   7.6959029e-01
   4.3354990e-01
  -4.6879128e-01
   9.5472263e-01
  -1.2132386e-03
  -2.9749492e-01
  -9.3958616e-01
   1.8398393e-01
   2.8866548e-01
  -2.4516179e-01
   9.1430145e-01
  -3.2241053e-01
   3.9448011e-01
  -1.5857259e-01
   9.0511887e-01
   5.6732617e-01
   6.5994693e-01
   4.9255565e-01
   4.4527152e-01
   4.2303400e-01
  -7.8916127e-01
  -3.9924083e-01
   1.5629212e-01
  -9.0342655e-01
   8.1585453e-01
   1.0536074e-01
   5.6857762e-01
   5.8907662e-01
  -8.0462911e-01
   7.4570293e-02
   7.8667528e-02
  -5.9249975e-01
   8.0172032e-01
   2.8647099e-01
   8.6240965e-01
  -4.1735353e-01
  -9.3900495e-01
   1.9903051e-01
  -2.8045778e-01
   6.9611135e-01
   7.1548713e-01
  -5.9221200e-02
  -6.1221409e-01
   5.7855714e-01
  -5.3894855e-01
  -7.3854294e-01
  -4.2798726e-02
  -6.7284664e-01
  -9.4607149e-01
  -3.0642419e-01
  -1.0513299e-01
   2.1498592e-01
  -8.7039467e-01
   4.4293811e-01
   3.5391632e-01
   3.6955430e-01
   8.5916986e-01
   1.1848341e-02
   7.9506803e-01
   6.0640452e-01
   9.4483194e-01
   2.9082361e-01
   1.5071243e-01
  -8.4068452e-01
  -4.1786233e-01
   3.4444247e-01
   3.2495650e-01
  -8.6658105e-01
  -3.7873546e-01
  -1.2743816e-01
  -2.1310344e-02
   9.9161756e-01
  -6.0532507e-01
   6.0013187e-01
   5.2289894e-01
   6.4726139e-01
  -1.3746404e-01
  -7.4977085e-01
  -2.0304953e-01
  -8.3411617e-01
  -5.1285583e-01
  -7.4477082e-01
   6.6717894e-01
  -1.3736276e-02
   9.2736183e-01
  -3.3783510e-01
   1.6083371e-01
   2.7575036e-01
  -5.2932442e-01
  -8.0235740e-01
   1.2685394e-01
   2.3174166e-02
  -9.9165066e-01
  -4.4063742e-01
  -4.2234709e-01
   7.9212474e-01
  -3.8909662e-01
  -8.1232124e-01
   4.3443990e-01
   2.1384309e-01
   9.6996016e-01
   1.1596732e-01
  -7.8051437e-02
   5.9103711e-01
  -8.0285933e-01
  -3.2053055e-01
   9.2228449e-01
   2.1598956e-01
  -2.5142368e-01
  -4.2131654e-01
  -8.7136588e-01
   6.6072960e-01
  -4.8073032e-01
   5.7648482e-01
  -6.8039367e-01
  -5.1766986e-01
  -5.1873150e-01
   7.5556438e-01
  -5.3133495e-01
  -3.8315223e-01
  -6.9590990e-01
   3.7963385e-02
   7.1712494e-01
  -2.8096785e-02
  -9.9956527e-01
  -8.9352867e-03
  -5.7955051e-01
  -8.1379810e-01
  -4.3056453e-02
