   2.2173981e-01
   2.8695707e-01
   9.3192655e-01
   8.8477464e-01
   3.0012530e-01
  -3.5650895e-01
   6.2506531e-01
  -3.7559690e-02
  -7.7966828e-01
  -7.8195937e-01
   3.6708171e-01
  -5.0377630e-01
   5.1879679e-01
   6.7532579e-01
   5.2419936e-01
  -3.2893446e-01
  -9.2283716e-01
   2.0043378e-01
   6.5330059e-01
   5.0178050e-02
   7.5543398e-01
  -3.5559687e-01
   2.7424704e-02
   9.3423699e-01
  -8.7029912e-01
   4.6464907e-01
   1.6334222e-01
   9.7734204e-01
  -1.1150820e-01
   1.7991238e-01
   6.5223506e-01
  -4.5174495e-01
   6.0870019e-01
  -8.1875782e-01
  -8.2331933e-02
   5.6820514e-01
   4.2801399e-01
   5.5987074e-01
  -7.0947077e-01
  -5.6895164e-01
  -7.4113322e-01
  -3.5639245e-01
  -5.3144656e-01
   6.0009676e-02
  -8.4496354e-01
   1.9389950e-01
  -4.9618584e-01
  -8.4628753e-01
  -4.2801399e-01
  -5.5987074e-01
   7.0947077e-01
   8.2556333e-02
   1.1002123e-01
  -9.9049471e-01
   6.0197499e-01
   7.8539122e-01
  -1.4417606e-01
   8.7865839e-01
   3.9416647e-01
   2.6942945e-01
  -6.0410117e-01
   5.1161395e-01
   6.1099341e-01
   2.5688934e-01
  -9.6579009e-01
  -3.5459311e-02
   1.3422650e-01
  -8.1308052e-01
   5.6646564e-01
   1.5331233e-01
   9.5036199e-01
   2.7075344e-01
  -3.2341413e-01
  -4.1975228e-01
  -8.4806328e-01
  -8.4868325e-01
  -3.0575156e-01
  -4.3157006e-01
  -8.0542662e-01
  -5.5746286e-01
   2.0130354e-01
  -9.9944690e-01
  -2.4311934e-03
  -3.3166095e-02
   1.2089529e-01
  -3.3794959e-01
   9.3336724e-01
   8.9895198e-01
  -3.2910745e-01
  -2.8909104e-01
  -2.0024332e-01
   5.9528715e-01
  -7.7816182e-01
  -5.5174015e-01
   7.8328359e-01
  -2.8644306e-01
   5.9466014e-02
   9.3297214e-01
  -3.5500250e-01
  -1.1930720e-01
   6.4261387e-01
   7.5684424e-01
   6.7491646e-01
  -7.2022258e-01
   1.6052170e-01
  -7.6075465e-02
  -8.9818738e-01
  -4.3298032e-01
  -3.6085391e-01
   9.1462074e-01
   1.8235501e-01
   5.5623657e-01
  -6.5904724e-01
  -5.0621894e-01
