  -2.5487156e-01
  -9.6671949e-01
  -2.2223998e-02
  -6.3204407e-01
  -7.2869311e-01
  -2.6367908e-01
  -1.2155462e-01
  -3.8460407e-01
  -9.1504327e-01
  -5.4911884e-01
   6.8981871e-02
   8.3289255e-01
  -8.0601703e-01
   3.2671536e-01
  -4.9355205e-01
   9.6978480e-01
  -2.3683181e-01
  -5.8550202e-02
   1.1637199e-02
   1.4546456e-01
  -9.8929502e-01
  -3.4914477e-01
   5.5402144e-01
  -7.5575007e-01
  -8.7631389e-01
  -2.1738183e-01
   4.2990592e-01
  -4.8851890e-01
  -4.3315383e-01
   7.5744771e-01
   7.8888516e-01
  -2.0736813e-01
  -5.7849690e-01
   2.6478419e-01
  -9.2733672e-01
   2.6445406e-01
   4.9927668e-02
   8.9999763e-01
  -4.3302597e-01
   2.3434174e-02
  -4.7323496e-01
   8.8062450e-01
   5.9043733e-01
   7.2087513e-01
  -3.6293636e-01
   9.5826655e-01
   1.8847905e-01
   2.1494387e-01
   1.8412830e-01
   5.9845155e-01
  -7.7971310e-01
  -8.7617729e-02
  -2.1506159e-02
   9.9592199e-01
   8.1779416e-01
  -2.8880909e-01
   4.9779716e-01
  -8.6747058e-01
  -1.7592175e-01
  -4.6534539e-01
  -1.2101830e-01
  -8.2992011e-01
  -5.4459818e-01
   4.2092596e-01
  -1.4631702e-01
  -8.9521655e-01
   9.0029120e-01
   2.5900417e-01
  -3.4984653e-01
   4.2791354e-01
  -6.1172952e-01
   6.6533976e-01
  -9.1389178e-01
  -4.0411432e-01
  -3.8644918e-02
  -6.0991576e-01
  -7.2135765e-01
   3.2809436e-01
   2.0756864e-01
   4.0933640e-01
   8.8845876e-01
   4.7045126e-01
  -8.0870996e-02
   8.7871241e-01
   7.7531854e-01
   6.2372643e-01
   9.9229502e-02
   3.3564659e-01
  -6.1649358e-01
  -7.1223383e-01
  -9.8684154e-01
   1.6157955e-01
   5.9859492e-03
   6.6915940e-01
  -6.5230836e-01
  -3.5597683e-01
   2.8897175e-01
   9.5648972e-01
   4.0283230e-02
   5.6702637e-01
   3.1071986e-01
  -7.6284616e-01
   2.8434122e-01
  -9.3445429e-01
  -2.1434842e-01
  -5.4096652e-01
   7.2964351e-01
   4.1830083e-01
   7.2419610e-01
   2.8088842e-01
   6.2979496e-01
  -5.5641940e-01
  -4.8288290e-01
  -6.7618159e-01
  -3.1080543e-01
   4.9578014e-01
   8.1092666e-01
  -7.6374987e-01
   6.4524059e-01
  -1.8727418e-02
   5.1204463e-01
   6.9851817e-01
   4.9988264e-01
  -2.4064015e-01
   9.6735505e-01
   7.9476628e-02
   7.1752185e-01
  -6.7966578e-01
   1.5237068e-01
  -4.9685015e-01
   5.3677020e-02
  -8.6617475e-01
  -8.1372632e-01
   3.2808158e-01
   4.7980408e-01
  -1.2869644e-01
  -8.4228955e-01
   5.2343628e-01
  -4.7234667e-01
   8.0212013e-01
  -3.6536546e-01
   2.8083705e-02
   8.3881771e-01
   5.4368755e-01
